--------------------------------------------------------------------------------------------------------------------
*		  new verified instances (according to the PSPLIB, may 2003) 
LB PSPLIB:	  best current known lower bound (may 2003) 
UB PSPLIB:	  best current known upper bound (may 2003) 
cpu RM:		  cpu time (in seconds) to generate redundant machines (MIP solved by Cplex)  
LB BB:		  lower bound computed by the initial branch and bound 
UB BB:		  upper bound computed by the initial branch and bound 
cpu BB:		  cpu time (in seconds) to run the initial branch and bound (time-limit of 90 seconds, CP solved using Scheduler) 
If the branch and bound has not prove optimality: 
LB-BK:		  lower bound computed by the column generation of Brucker and Knust
cpu LB-BK:	  additional cpu time (in seconds) to run the column generation 
LB-BK-E:	  LB-BK + energetic cuts 
cpu LB-BK-E:	  additional cpu time (in seconds) to run LB-BK-E 
LB-BK-E-PREC:	  LB-BK-E + precedence cuts 
cpu LB-BK-E-PREC: additional cpu time (in seconds) to run LB-BK-E-PREC 

-------------------------------------------------------------------------------------------------------------------- 

			  PSPLIB	RM		BB		   LB-BK	  LB-BK-E	LB-BK-E-PREC 
Instance		LB	UB	cpu	LB	UB	cpu	lbBK	cpu	lbBK	cpu	lbBK	cpu 
-------------------------------------------------------------------------------------------------------------------- 
KSD_60_1_1		77	77	0,9	77	77	0,06 
KSD_60_1_2		68	68	0,9	68	68	0,05 
KSD_60_1_3		68	68	0,9	68	68	0,04 
KSD_60_1_4		91	91	0,9	91	91	0,04 
KSD_60_1_5		73	73	0,8	73	73	0,06 
KSD_60_1_6		66	66	0,8	66	66	0,05 
KSD_60_1_7	*	71	72	0,8	72	72	30,29 
KSD_60_1_8		75	75	0,8	75	75	0,07 
KSD_60_1_9		85	85	0,8	85	85	0,05 
KSD_60_1_10		80	80	0,8	80	80	0,03 
KSD_60_2_1		65	65	1,1	65	65	0,01 
KSD_60_2_2		82	82	1	82	82	0,04 
KSD_60_2_3		78	78	1,1	78	78	0,04 
KSD_60_2_4		78	78	1	78	78	0,03 
KSD_60_2_5		54	54	1,1	54	54	0,04 
KSD_60_2_6		64	64	1	64	64	0,03 
KSD_60_2_7		53	53	1,3	53	53	0,02 
KSD_60_2_8		66	66	1	66	66	0,01 
KSD_60_2_9		65	65	1,3	65	65	0,04 
KSD_60_2_10		69	69	1	69	69	0,02 
KSD_60_3_1		60	60	1,2	60	60	0,03 
KSD_60_3_2		69	69	1,2	69	69	0,03 
KSD_60_3_3		105	105	1,1	105	105	0,04 
KSD_60_3_4		81	81	1,2	81	81	0,03 
KSD_60_3_5		83	83	1,3	83	83	0,03 
KSD_60_3_6		57	57	1,2	57	57	0,02 
KSD_60_3_7		59	59	1,1	59	59	0,04 
KSD_60_3_8	*	54	55	1,1	55	55	0,04 
KSD_60_3_9		67	67	1,2	67	67	0,03 
KSD_60_3_10		69	69	0,9	69	69	0,04 
KSD_60_4_1		84	84	1,3	84	84	0,03 
KSD_60_4_2		60	60	1,4	60	60	0,04 
KSD_60_4_3		58	58	1,3	58	58	0,03 
KSD_60_4_4		65	65	1,2	65	65	0,04 
KSD_60_4_5		75	75	1,4	75	75	0,01 
KSD_60_4_6		71	71	1,2	71	71	0,02 
KSD_60_4_7		67	67	1,3	67	67	0,03 
KSD_60_4_8		65	65	1,4	65	65	0,01 
KSD_60_4_9		75	75	1,3	75	75	0,03 
KSD_60_4_10		77	77	1,1	77	77	0,06 
KSD_60_5_1		72	76	1,6	71	86	90,01	72	39,92	72	102,40	72	159,28 
KSD_60_5_2		96	106	1,6	100	115	90,01	100	31,88	100	44,73	100	121,82 
KSD_60_5_3		75	81	1,8	77	84	90,01	78	17,96	78	24,01	78	42,08 
KSD_60_5_4		63	72	1,6	68	89	90,01	68	44,42	68	62,25	68	94,25 
KSD_60_5_5		94	108	1,6	104	111	90,00	104	11,18	104	11,71	104	20,91 
KSD_60_5_6	*	71	75	1,8	74	74	10,77 
KSD_60_5_7		66	75	1,6	68	80	90,28	68	48,25	68	113,76	68	212,32 
KSD_60_5_8		72	78	1,7	77	84	90,01	77	12,70	77	32,66	77	42,95 
KSD_60_5_9	*	82	83	1,6	83	83	31,79 
KSD_60_5_10		79	82	1,7	72	96	90,01	79	71,71	79	70,68	79	137,68 
KSD_60_6_1		60	60	2,1	60	60	0,06 
KSD_60_6_2		67	67	1,9	67	67	0,06 
KSD_60_6_3		72	72	2,2	72	72	0,08 
KSD_60_6_4		67	67	2,1	67	67	0,06 
KSD_60_6_5		78	78	2,1	78	78	0,05 
KSD_60_6_6	*	53	55	2,1	55	55	16,39 
KSD_60_6_7		61	61	2,1	61	61	0,06 
KSD_60_6_8		72	72	2,2	72	72	0,10 
KSD_60_6_9		64	64	2,1	64	64	0,02 
KSD_60_6_10		74	74	2	74	74	0,04 
KSD_60_7_1		77	77	2	77	77	0,03 
KSD_60_7_2		85	85	2	85	85	0,05 
KSD_60_7_3		62	62	2	62	62	0,04 
KSD_60_7_4		63	63	2,3	63	63	0,04 
KSD_60_7_5		71	71	2	71	71	0,03 
KSD_60_7_6		65	65	2,2	65	65	0,04 
KSD_60_7_7		89	89	2,1	89	89	0,03 
KSD_60_7_8		66	66	2,1	66	66	0,04 
KSD_60_7_9		44	44	2,1	44	44	0,04 
KSD_60_7_10		82	82	2,1	82	82	0,04 
KSD_60_8_1		64	64	2,2	64	64	0,03 
KSD_60_8_2		61	61	2,1	61	61	0,02 
KSD_60_8_3		79	79	2,1	79	79	0,01 
KSD_60_8_4		64	64	2,2	64	64	0,04 
KSD_60_8_5		83	83	2,1	83	83	0,04 
KSD_60_8_6		56	56	2,3	56	56	0,04 
KSD_60_8_7		62	62	2,2	62	62	0,02 
KSD_60_8_8		66	66	2,1	66	66	0,03 
KSD_60_8_9		58	58	2,1	58	58	0,03 
KSD_60_8_10		97	97	2	97	97	0,02 
KSD_60_9_1		82	88	2,8	67	98	90,01	82	177,99	82	132,80	82	218,01 
KSD_60_9_2		77	84	2,5	76	88	90,01	77	68,55	77	78,74	77	111,16 
KSD_60_9_3		91	102	2,6	87	118	90,01	91	204,78	91	194,53	91	457,41 
KSD_60_9_4		79	89	2,8	83	92	90,02	83	28,38	83	39,68	83	68,10 
KSD_60_9_5		77	87	3	71	103	90,01	77	376,18	78	1578,46	78	375,18 
KSD_60_9_6		100	113	2,5	96	140	90,01	100	215,80	100	363,63	100	594,99 
KSD_60_9_7		100	113	2,5	83	126	90,01	100	271,72	100	317,95	101	1715,78 
KSD_60_9_8		89	97	2,5	77	112	90,01	89	246,90	89	281,39	89	499,22 
KSD_60_9_9		91	100	2,7	87	110	90,01	91	149,10	91	344,87	92	1149,70 
KSD_60_9_10		85	95	2,6	74	106	90,01	85	294,23	86	874,66	86	352,77 
KSD_60_10_1		85	85	2,8	85	85	0,06 
KSD_60_10_2		62	62	2,7	62	62	0,04 
KSD_60_10_3		72	72	2,9	72	72	0,07 
KSD_60_10_4		80	80	2,6	80	80	0,06 
KSD_60_10_5		79	79	2,8	79	79	0,07 
KSD_60_10_6		67	67	2,7	67	67	0,03 
KSD_60_10_7		69	69	2,8	69	69	9,20 
KSD_60_10_8		65	65	2,8	65	65	0,09 
KSD_60_10_9		73	73	2,8	73	73	9,76 
KSD_60_10_10		73	73	2,5	73	73	0,04 
KSD_60_11_1		71	71	2,8	71	71	0,04 
KSD_60_11_2		61	61	2,9	61	61	0,04 
KSD_60_11_3		76	76	2,8	76	76	0,01 
KSD_60_11_4		69	69	2,8	69	69	0,07 
KSD_60_11_5		65	65	2,8	65	65	0,06 
KSD_60_11_6		70	70	2,7	70	70	0,04 
KSD_60_11_7		70	70	2,7	70	70	0,04 
KSD_60_11_8		69	69	2,8	69	69	0,05 
KSD_60_11_9		62	62	2,8	62	62	0,04 
KSD_60_11_10		58	58	2,8	58	58	0,05 
KSD_60_12_1		59	59	2,8	59	59	0,04 
KSD_60_12_2		58	58	2,8	58	58	0,01 
KSD_60_12_3		75	75	2,8	75	75	0,04 
KSD_60_12_4		69	69	3	69	69	0,02 
KSD_60_12_5		63	63	2,8	63	63	0,04 
KSD_60_12_6		54	54	2,7	54	54	0,03 
KSD_60_12_7		71	71	3	71	71	0,02 
KSD_60_12_8		60	60	2,9	60	60	0,02 
KSD_60_12_9		59	59	2,8	59	59	0,01 
KSD_60_12_10		79	79	2,8	79	79	0,03 
KSD_60_13_1		104	115	3,8	86	132	90,01	104	334,35	104	392,42	104	675,89 
KSD_60_13_2		101	109	3,6	76	119	90,01	101	155,73	101	93,99	101	194,92 
KSD_60_13_3		82	90	4,2	63	96	90,01	82	377,63	82	329,23	82	636,21 
KSD_60_13_4		97	105	3,8	74	112	90,01	97	347,60	97	230,31	97	356,34 
KSD_60_13_5		91	100	3,7	64	109	90,01	91	696,67	91	458,96	91	729,41 
KSD_60_13_6		90	96	5,1	69	104	90,14	90	141,28	90	151,55	90	235,99 
KSD_60_13_7		80	89	8,8	61	101	90,33	80	6284,31	80	391,32	80	766,45 
KSD_60_13_8		112	124	3,6	91	132	90,01	112	185,70	112	229,32	112	477,80 
KSD_60_13_9		95	104	4,1	75	111	90,01	95	252,77	95	183,00	95	316,96 
KSD_60_13_10		112	119	3,9	77	133	90,01	112	169,46	112	135,39	112	249,03 
KSD_60_14_1		59	61	3,8	59	61	90,01	59	6,18	59	33,91	59	38,98 
KSD_60_14_2		65	65	3,9	65	65	0,08 
KSD_60_14_3		61	62	3,7	61	63	90,01	61	6,24	61	13,66	61	25,08 
KSD_60_14_4		65	65	4,3	65	66	90,01	65	3,19	65	45,23	65	39,63 
KSD_60_14_5		59	59	3,9	59	59	0,06 
KSD_60_14_6		65	65	3,9	65	65	0,06 
KSD_60_14_7		69	69	4	69	69	0,08 
KSD_60_14_8		88	88	4,4	88	88	0,07 
KSD_60_14_9		61	61	3,8	61	61	0,05 
KSD_60_14_10		68	73	4,2	68	74	90,01	68	27,27	69	272,36	69	140,06 
KSD_60_15_1		84	84	4,2	84	84	0,06 
KSD_60_15_2		89	89	3,8	89	89	0,06 
KSD_60_15_3		72	72	4,1	72	72	0,03 
KSD_60_15_4		75	75	3,9	75	75	0,06 
KSD_60_15_5		70	70	4	70	70	0,05 
KSD_60_15_6		76	76	3,8	76	76	0,05 
KSD_60_15_7		64	64	3,9	64	64	0,04 
KSD_60_15_8		79	79	4,1	79	79	0,06 
KSD_60_15_9		72	72	4	72	72	0,03 
KSD_60_15_10		61	61	4	61	61	0,04 
KSD_60_16_1		64	64	3,7	64	64	0,02 
KSD_60_16_2		64	64	4,1	64	64	0,03 
KSD_60_16_3		53	53	4	53	53	0,03 
KSD_60_16_4		60	60	4	60	60	0,02 
KSD_60_16_5		66	66	3,8	66	66	0,03 
KSD_60_16_6		66	66	3,8	66	66	0,03 
KSD_60_16_7		82	82	3,9	82	82	0,03 
KSD_60_16_8		68	68	4	68	68	0,02 
KSD_60_16_9		54	54	4	54	54	0,03 
KSD_60_16_10		68	68	4,2	68	68	0,02 
KSD_60_17_1		86	86	0,8	86	86	0,08 
KSD_60_17_2		69	69	0,8	69	69	0,04 
KSD_60_17_3		89	89	0,8	89	89	0,06 
KSD_60_17_4		71	71	0,8	71	71	0,03 
KSD_60_17_5		59	59	0,8	59	59	0,18 
KSD_60_17_6		69	69	0,8	69	69	0,03 
KSD_60_17_7		83	83	0,8	83	83	0,01 
KSD_60_17_8	*	81	85	0,8	85	86	90,01	85	2,54	85	5,94	85	10,57 
KSD_60_17_9		76	76	0,8	76	76	0,06 
KSD_60_17_10		72	72	0,8	72	72	0,04 
KSD_60_18_1		81	81	0,8	81	81	0,01 
KSD_60_18_2		69	69	0,8	69	69	0,02 
KSD_60_18_3		77	77	0,9	77	77	0,04 
KSD_60_18_4		71	71	0,9	71	71	0,04 
KSD_60_18_5		80	80	0,9	80	80	0,03 
KSD_60_18_6		61	61	1	61	61	0,01 
KSD_60_18_7		93	93	0,9	93	93	0,04 
KSD_60_18_8		78	78	0,9	78	78	0,03 
KSD_60_18_9		69	69	0,8	69	69	0,04 
KSD_60_18_10		97	97	0,9	97	97	0,01 
KSD_60_19_1		62	62	1,1	62	62	0,04 
KSD_60_19_2		83	83	0,8	83	83	0,03 
KSD_60_19_3		83	83	1	83	83	0,03 
KSD_60_19_4		67	67	1	67	67	0,02 
KSD_60_19_5		73	73	1	73	73	0,02 
KSD_60_19_6		69	69	1,2	69	69	0,01 
KSD_60_19_7		60	60	1,1	60	60	0,01 
KSD_60_19_8		87	87	0,9	87	87	0,04 
KSD_60_19_9		69	69	1,3	69	69	0,05 
KSD_60_19_10		78	78	0,9	78	78	0,00 
KSD_60_20_1		60	60	1,3	60	60	0,04 
KSD_60_20_2		78	78	1	78	78	0,02 
KSD_60_20_3		69	69	1,2	69	69	0,04 
KSD_60_20_4		86	86	1,3	86	86	0,04 
KSD_60_20_5		71	71	1,1	71	71	0,02 
KSD_60_20_6		97	97	1,1	97	97	0,02 
KSD_60_20_7		74	74	1	74	74	0,05 
KSD_60_20_8		65	65	1,1	65	65	0,03 
KSD_60_20_9		74	74	1,1	74	74	0,01 
KSD_60_20_10		70	70	1,1	70	70	0,01 
KSD_60_21_1		91	103	1,6	102	128	90,01	102	28,14	102	16,84	102	31,48 
KSD_60_21_2	*	103	108	1,6	108	108	0,40 
KSD_60_21_3	*	81	87	1,6	87	87	31,18 
KSD_60_21_4		88	95	1,6	89	107	90,01	89	26,84	89	20,86	89	36,89 
KSD_60_21_5		81	89	1,6	86	94	90,01	86	14,33	86	34,15	86	44,12 
KSD_60_21_6		77	84	1,6	83	86	90,01	83	10,48	83	19,73	83	25,43 
KSD_60_21_7	*	95	103	1,6	103	106	90,01	103	7,47	103	8,65	103	11,68 
KSD_60_21_8		101	110	1,6	109	117	90,01	109	13,97	109	6,50	109	15,19 
KSD_60_21_9		78	89	1,7	80	103	90,01	80	56,36	80	153,07	80	222,78 
KSD_60_21_10	*	77	80	1,6	80	85	90,01	80	11,20	80	11,65	80	18,96 
KSD_60_22_1		64	64	2	64	64	0,04 
KSD_60_22_2		83	83	1,9	83	83	0,03 
KSD_60_22_3		70	70	1,8	70	70	0,24 
KSD_60_22_4	*	70	73	1,7	73	73	2,75 
KSD_60_22_5		76	76	1,9	76	76	0,05 
KSD_60_22_6		79	79	1,8	79	79	0,16 
KSD_60_22_7		69	69	2	69	69	0,04 
KSD_60_22_8		59	59	2	59	59	0,03 
KSD_60_22_9		65	65	1,9	65	65	0,05 
KSD_60_22_10		70	70	1,8	70	70	0,37 
KSD_60_23_1		75	75	1,9	75	75	0,04 
KSD_60_23_2		69	69	1,9	69	69	0,04 
KSD_60_23_3		78	78	1,9	78	78	0,03 
KSD_60_23_4		83	83	1,9	83	83	0,07 
KSD_60_23_5		72	72	2,1	72	72	0,06 
KSD_60_23_6		81	81	2	81	81	0,04 
KSD_60_23_7		60	60	1,9	60	60	0,03 
KSD_60_23_8		72	72	1,9	72	72	0,03 
KSD_60_23_9		64	64	1,9	64	64	0,04 
KSD_60_23_10		68	68	2	68	68	0,03 
KSD_60_24_1		65	65	2	65	65	0,01 
KSD_60_24_2		55	55	2	55	55	0,01 
KSD_60_24_3		67	67	2	67	67	0,04 
KSD_60_24_4		78	78	1,9	78	78	0,04 
KSD_60_24_5		76	76	2	76	76	0,01 
KSD_60_24_6		75	75	1,9	75	75	0,01 
KSD_60_24_7		68	68	1,9	68	68	0,01 
KSD_60_24_8		81	81	1,8	81	81	0,02 
KSD_60_24_9		80	80	2	80	80	0,05 
KSD_60_24_10		66	66	2	66	66	0,02 
KSD_60_25_1		103	116	2,3	98	127	90,01	103	110,97	103	86,58	104	432,55 
KSD_60_25_2		90	100	2,6	80	109	90,01	90	187,81	90	348,86	91	1193,08 
KSD_60_25_3		103	114	2,4	105	120	90,01	105	31,91	105	65,67	105	99,23 
KSD_60_25_4		97	110	2,5	91	115	90,01	98	133,53	98	171,00	98	323,00 
KSD_60_25_5		86	99	2,4	86	106	90,01	88	65,22	88	105,30	89	604,17 
KSD_60_25_6		102	114	2,4	94	124	90,01	102	203,79	102	335,78	103	1318,93 
KSD_60_25_7		83	92	2,4	77	102	90,01	83	106,69	83	115,58	83	319,01 
KSD_60_25_8		89	101	2,5	81	114	90,01	89	345,22	89	329,05	90	1475,95 
KSD_60_25_9		89	100	2,4	89	114	90,01	90	85,97	90	155,76	90	309,52 
KSD_60_25_10		98	109	2,5	97	118	90,01	98	107,47	99	537,72	99	245,69 
KSD_60_26_1		80	80	2,9	80	80	0,08 
KSD_60_26_2	*	65	66	2,8	66	66	0,99 
KSD_60_26_3		72	76	2,9	74	79	90,01	74	11,11	74	27,47	74	48,39 
KSD_60_26_4		65	67	2,7	66	67	90,01	66	3,84	66	14,38	66	13,58 
KSD_60_26_5		61	61	3	61	61	0,05 
KSD_60_26_6	*	73	74	2,8	74	74	30,91 
KSD_60_26_7		72	72	2,9	72	72	0,04 
KSD_60_26_8		89	89	3,2	89	89	0,08 
KSD_60_26_9		63	65	2,8	64	65	90,01	64	3,75	64	60,02	64	60,53 
KSD_60_26_10		85	85	2,8	85	85	0,06 
KSD_60_27_1		96	96	3,6	96	96	0,07 
KSD_60_27_2		74	74	3	74	74	0,04 
KSD_60_27_3		76	76	2,9	76	76	0,03 
KSD_60_27_4		60	60	2,9	60	60	0,05 
KSD_60_27_5		78	78	2,9	78	78	0,05 
KSD_60_27_6		64	64	2,7	64	64	0,04 
KSD_60_27_7		83	83	2,9	83	83	0,02 
KSD_60_27_8		88	88	2,9	88	88	0,05 
KSD_60_27_9		76	76	2,7	76	76	0,04 
KSD_60_27_10		57	57	2,9	57	57	0,05 
KSD_60_28_1		92	92	2,9	92	92	0,02 
KSD_60_28_2		64	64	2,8	64	64	0,04 
KSD_60_28_3		72	72	2,8	72	72	0,04 
KSD_60_28_4		84	84	3	84	84	0,04 
KSD_60_28_5		71	71	2,9	71	71	0,03 
KSD_60_28_6		89	89	2,9	89	89	0,02 
KSD_60_28_7		75	75	2,9	75	75	0,03 
KSD_60_28_8		62	62	2,8	62	62	0,04 
KSD_60_28_9		74	74	2,8	74	74	0,02 
KSD_60_28_10		74	74	2,6	74	74	0,01 
KSD_60_29_1		96	106	3,5	75	113	90,01	96	194,74	96	143,15	96	244,79 
KSD_60_29_2		122	135	3,5	106	152	90,01	122	169,52	122	95,08	123	499,55 
KSD_60_29_3		114	123	4	87	142	90,01	114	389,29	114	160,03	115	904,02 
KSD_60_29_4		126	138	3,4	105	152	90,01	126	234,72	126	189,84	126	459,19 
KSD_60_29_5		102	112	3,6	88	121	90,01	102	202,71	102	112,39	102	195,81 
KSD_60_29_6		143	157	3,4	117	176	90,01	143	381,74	143	196,09	143	419,86 
KSD_60_29_7		114	126	3,8	94	142	90,01	114	272,13	114	140,44	114	250,17 
KSD_60_29_8		96	104	3,9	81	109	90,01	96	146,80	96	169,51	96	374,32 
KSD_60_29_9		104	114	3,6	89	127	90,02	104	166,83	104	129,91	104	262,87 
KSD_60_29_10		111	123	3,5	82	136	90,01	111	208,88	111	102,66	111	233,98 
KSD_60_30_1		70	70	3,9	70	70	0,07 
KSD_60_30_2		66	70	3,9	66	73	90,01	67	44,80	67	63,00	67	109,64 
KSD_60_30_3	*	80	82	4,1	82	82	1,22 
KSD_60_30_4		76	76	4	76	76	0,10 
KSD_60_30_5		72	76	3,9	72	79	90,01	72	20,77	73	161,26	73	67,42 
KSD_60_30_6		68	68	4	68	68	0,08 
KSD_60_30_7		83	87	3,9	82	88	90,01	83	22,96	83	47,33	83	70,46 
KSD_60_30_8		63	63	3,9	63	63	0,05 
KSD_60_30_9		98	98	4,4	98	98	0,05 
KSD_60_30_10		82	87	3,9	83	90	90,01	83	21,18	83	51,05	83	80,15 
KSD_60_31_1		65	65	3,7	65	65	0,06 
KSD_60_31_2		74	74	4	74	74	0,03 
KSD_60_31_3		66	66	3,8	66	66	0,06 
KSD_60_31_4		68	68	4	68	68	0,07 
KSD_60_31_5		72	72	4	72	72	0,06 
KSD_60_31_6		72	72	4	72	72	0,05 
KSD_60_31_7		76	76	3,9	76	76	0,04 
KSD_60_31_8		75	75	3,7	75	75	0,03 
KSD_60_31_9		86	86	3,9	86	86	0,07 
KSD_60_31_10		56	56	3,8	56	56	0,04 
KSD_60_32_1		69	69	3,8	69	69	0,02 
KSD_60_32_2		114	114	4,2	114	114	0,03 
KSD_60_32_3		85	85	4	85	85	0,04 
KSD_60_32_4		56	56	3,9	56	56	0,02 
KSD_60_32_5		77	77	3,8	77	77	0,02 
KSD_60_32_6		93	93	4,3	93	93	0,04 
KSD_60_32_7		76	76	3,9	76	76	0,02 
KSD_60_32_8		76	76	4	76	76	0,03 
KSD_60_32_9		74	74	4,1	74	74	0,02 
KSD_60_32_10		77	77	4,1	77	77	0,03 
KSD_60_33_1		105	105	0,8	105	105	0,06 
KSD_60_33_2		100	100	0,8	100	100	0,06 
KSD_60_33_3		79	79	0,8	79	79	0,05 
KSD_60_33_4		81	81	0,8	81	81	0,03 
KSD_60_33_5		108	108	0,8	108	108	0,06 
KSD_60_33_6	*	73	75	0,8	75	75	1,48 
KSD_60_33_7		78	78	0,8	78	78	0,06 
KSD_60_33_8		79	79	0,8	79	79	0,47 
KSD_60_33_9		108	108	0,8	108	108	0,04 
KSD_60_33_10		84	84	0,8	84	84	0,57 
KSD_60_34_1		72	72	1,5	72	72	0,02 
KSD_60_34_2		68	68	0,8	68	68	0,03 
KSD_60_34_3		61	61	0,8	61	61	0,04 
KSD_60_34_4		83	83	0,8	83	83	0,04 
KSD_60_34_5		80	80	0,8	80	80	0,02 
KSD_60_34_6		81	81	0,9	81	81	0,02 
KSD_60_34_7		85	85	0,9	85	85	0,04 
KSD_60_34_8		63	63	0,8	63	63	0,05 
KSD_60_34_9		77	77	0,9	77	77	0,03 
KSD_60_34_10		92	92	0,8	92	92	0,04 
KSD_60_35_1		78	78	1	78	78	0,02 
KSD_60_35_2		77	77	1	77	77	0,01 
KSD_60_35_3		89	89	0,8	89	89	0,05 
KSD_60_35_4		72	72	1,1	72	72	0,02 
KSD_60_35_5		76	76	1	76	76	0,01 
KSD_60_35_6		79	79	0,9	79	79	0,03 
KSD_60_35_7		73	73	0,9	73	73	0,02 
KSD_60_35_8		78	78	0,9	78	78	0,01 
KSD_60_35_9		76	76	1	76	76	0,03 
KSD_60_35_10		71	71	1,1	71	71	0,02 
KSD_60_36_1		61	61	0,9	61	61	0,04 
KSD_60_36_2		75	75	1	75	75	0,04 
KSD_60_36_3		81	81	1	81	81	0,01 
KSD_60_36_4		85	85	1,1	85	85	0,02 
KSD_60_36_5		57	57	1,1	57	57	0,01 
KSD_60_36_6		76	76	1,2	76	76	0,01 
KSD_60_36_7		71	71	1,1	71	71	0,03 
KSD_60_36_8		69	69	1,1	69	69	0,01 
KSD_60_36_9		86	86	1,4	86	86	0,01 
KSD_60_36_10		77	77	0,9	77	77	0,04 
KSD_60_37_1		89	97	1,6	94	99	90,01	94	11,23	94	8,53	94	18,89 
KSD_60_37_2		82	95	1,6	89	108	90,01	89	25,65	89	17,16	89	41,11 
KSD_60_37_3	*	134	139	1,6	139	139	11,58 
KSD_60_37_4	*	96	101	1,6	101	101	36,75 
KSD_60_37_5	*	91	98	1,6	98	103	90,01	98	13,09	98	11,21	98	15,71 
KSD_60_37_6		89	102	1,6	96	105	90,01	96	22,89	96	46,45	96	69,22 
KSD_60_37_7		101	110	1,6	103	122	90,01	103	35,28	103	29,32	103	70,87 
KSD_60_37_8	*	88	93	1,6	93	97	90,01	93	10,95	93	6,38	93	10,09 
KSD_60_37_9		89	96	1,6	95	96	90,01	95	3,02	95	4,67	95	5,12 
KSD_60_37_10	*	94	96	1,6	96	96	0,52 
KSD_60_38_1		73	73	1,9	73	73	0,02 
KSD_60_38_2		72	76	1,9	75	77	90,01	75	6,19	75	12,54	75	15,37 
KSD_60_38_3		77	77	1,8	77	77	0,08 
KSD_60_38_4		58	58	1,9	58	58	0,04 
KSD_60_38_5		103	103	1,8	103	103	0,03 
KSD_60_38_6		86	86	1,7	86	86	0,04 
KSD_60_38_7		74	74	1,9	74	74	0,04 
KSD_60_38_8	*	70	71	1,9	71	71	0,18 
KSD_60_38_9		66	66	2	66	66	0,07 
KSD_60_38_10	*	64	66	1,9	66	66	0,29 
KSD_60_39_1		80	80	1,9	80	80	0,04 
KSD_60_39_2		84	84	2	84	84	0,04 
KSD_60_39_3		83	83	1,9	83	83	0,03 
KSD_60_39_4		92	92	1,9	92	92	0,04 
KSD_60_39_5		73	73	2	73	73	0,04 
KSD_60_39_6		84	84	1,8	84	84	0,04 
KSD_60_39_7		68	68	2	68	68	0,04 
KSD_60_39_8		77	77	1,9	77	77	0,06 
KSD_60_39_9		72	72	1,9	72	72	0,04 
KSD_60_39_10		74	74	1,9	74	74	0,02 
KSD_60_40_1		86	86	2	86	86	0,01 
KSD_60_40_2		81	81	2	81	81	0,02 
KSD_60_40_3		70	70	1,9	70	70	0,01 
KSD_60_40_4		87	87	1,9	87	87	0,03 
KSD_60_40_5		83	83	2	83	83	0,04 
KSD_60_40_6		69	69	2,2	69	69	0,03 
KSD_60_40_7		68	68	2,1	68	68	0,03 
KSD_60_40_8		80	80	1,9	80	80	0,04 
KSD_60_40_9		90	90	2,2	90	90	0,02 
KSD_60_40_10		73	73	2,1	73	73	0,04 
KSD_60_41_1		110	122	2,4	111	135	90,01	111	46,84	111	55,47	111	97,70 
KSD_60_41_2		101	113	2,4	104	124	90,00	104	45,43	104	50,21	104	112,75 
KSD_60_41_3		88	99	2,4	75	116	90,01	88	180,09	88	175,52	88	316,27 
KSD_60_41_4		121	133	2,6	124	138	90,01	124	32,88	124	23,06	124	40,10 
KSD_60_41_5		105	117	2,4	91	133	90,01	105	173,30	105	191,07	105	411,73 
KSD_60_41_6		120	135	2,5	121	150	90,01	121	50,05	121	38,26	122	317,67 
KSD_60_41_7		124	132	2,4	129	158	90,05	129	49,96	129	38,44	129	79,77 
KSD_60_41_8		123	135	2,3	124	152	90,01	124	63,76	124	63,53	125	390,77 
KSD_60_41_9		117	132	2,7	125	142	90,01	125	42,16	125	28,72	125	80,97 
KSD_60_41_10		104	111	2,8	91	125	90,05	104	159,90	104	134,94	104	246,99 
KSD_60_42_1		83	83	3	83	83	0,12 
KSD_60_42_2		68	68	3	68	68	0,03 
KSD_60_42_3		73	78	3,1	76	80	90,01	76	9,43	76	18,42	76	24,51 
KSD_60_42_4	*	100	103	3,1	103	108	90,01	103	9,18	103	7,33	103	12,90 
KSD_60_42_5		73	73	2,9	73	73	0,25 
KSD_60_42_6		82	82	2,8	82	82	0,05 
KSD_60_42_7		56	59	2,9	58	60	90,01	58	5,08	58	7,87	58	18,62 
KSD_60_42_8	*	80	82	3	82	82	2,60 
KSD_60_42_9		71	71	2,9	71	71	0,09 
KSD_60_42_10		87	87	3	87	87	0,08 
KSD_60_43_1		108	108	3	108	108	0,04 
KSD_60_43_2		85	85	2,9	85	85	0,05 
KSD_60_43_3		74	74	2,9	74	74	0,04 
KSD_60_43_4		75	75	3	75	75	0,05 
KSD_60_43_5		64	64	2,7	64	64	0,06 
KSD_60_43_6		84	84	2,9	84	84	0,06 
KSD_60_43_7		89	89	3,1	89	89	0,06 
KSD_60_43_8		69	69	2,8	69	69	0,02 
KSD_60_43_9		70	70	2,9	70	70	0,04 
KSD_60_43_10		78	78	2,9	78	78	0,05 
KSD_60_44_1		84	84	3	84	84	0,03 
KSD_60_44_2		68	68	2,9	68	68	0,03 
KSD_60_44_3		87	87	2,8	87	87	0,03 
KSD_60_44_4		77	77	2,8	77	77	0,04 
KSD_60_44_5		74	74	3	74	74	0,03 
KSD_60_44_6		81	81	3,1	81	81	0,03 
KSD_60_44_7		76	76	3	76	76	0,02 
KSD_60_44_8		83	83	2,9	83	83	0,02 
KSD_60_44_9		65	65	3	65	65	0,01 
KSD_60_44_10		65	65	3	65	65	0,04 
KSD_60_45_1		89	97	3,9	89	110	90,00	89	111,15	89	110,11	89	236,31 
KSD_60_45_2		134	146	3,6	134	162	90,01	134	129,31	134	113,94	134	218,60 
KSD_60_45_3		132	144	3,6	114	162	90,01	132	195,89	132	120,03	132	249,27 
KSD_60_45_4		100	109	3,6	83	118	90,01	100	230,95	100	125,24	101	836,01 
KSD_60_45_5		99	108	3,8	75	118	90,01	99	269,79	99	319,69	99	496,16 
KSD_60_45_6		132	146	3,5	105	166	90,01	132	397,43	132	501,38	133	1850,10 
KSD_60_45_7		113	124	3,7	86	138	90,01	113	133,73	113	74,54	113	225,77 
KSD_60_45_8		119	130	3,7	99	140	90,01	119	210,73	119	129,35	119	253,16 
KSD_60_45_9		114	126	3,7	89	137	90,01	114	131,64	114	140,89	115	761,39 
KSD_60_45_10		102	116	4,1	82	126	90,01	103	197,54	103	139,99	103	329,07 
KSD_60_46_1	*	78	79	4,1	79	79	11,42 
KSD_60_46_2		78	78	3,9	78	78	0,08 
KSD_60_46_3		79	79	3,9	79	84	90,01	79	9,57	79	6,20	79	8,58 
KSD_60_46_4		71	74	3,9	72	76	90,01	72	10,90	72	16,70	72	31,55 
KSD_60_46_5		87	91	4,3	88	93	90,01	88	15,61	88	17,33	88	39,33 
KSD_60_46_6		87	90	4,3	88	92	90,01	88	12,80	88	12,01	88	20,07 
KSD_60_46_7		75	79	3,9	75	84	90,01	75	25,30	76	97,38	76	45,15 
KSD_60_46_8		73	75	4,1	74	76	90,01	74	4,82	74	12,35	74	25,78 
KSD_60_46_9		65	69	3,9	65	70	90,01	65	26,72	66	158,62	66	100,93 
KSD_60_46_10		84	88	4,1	84	94	90,01	84	21,49	84	21,26	84	38,11 
KSD_60_47_1		75	75	3,9	75	75	0,04 
KSD_60_47_2		66	66	4,1	66	66	0,09 
KSD_60_47_3		69	69	3,9	69	69	0,03 
KSD_60_47_4		76	76	3,9	76	76	0,06 
KSD_60_47_5		87	87	4	87	87	0,05 
KSD_60_47_6		76	76	4,3	76	76	0,06 
KSD_60_47_7		68	68	4,1	68	68	0,07 
KSD_60_47_8		71	71	4,1	71	71	0,07 
KSD_60_47_9		76	76	4	76	76	0,03 
KSD_60_47_10		66	66	4	66	66	0,05 
KSD_60_48_1		71	71	4,1	71	71	0,03 
KSD_60_48_2		87	87	4,2	87	87	0,04 
KSD_60_48_3		84	84	3,9	84	84	0,02 
KSD_60_48_4		62	62	4,2	62	62	0,02 
KSD_60_48_5		101	101	4,2	101	101	0,03 
KSD_60_48_6		66	66	4,1	66	66	0,02 
KSD_60_48_7		77	77	4,1	77	77	0,02 
KSD_60_48_8		88	88	4,3	88	88	0,03 
KSD_60_48_9		82	82	3,9	82	82	0,03 
KSD_60_48_10		70	70	4,2	70	70	0,04 